#,Time,%Passes,Change,Test,Pass,Partial,Fail,Untested
0,Sat Feb 09 16:21:48 EST 2019,0,0,Assignment2Suite, , ,ContainsTest0- ContainsTest1- EfficiencyTest1- EmptyTest0- EmptyTest1- FindMinMaxTest0- FindMinMaxTest1- FindMinMaxTest2- HeightTest- InsertAfterRemoveTest0- InsertAfterRemoveTest1- InsertAfterRemoveTest2- InsertTest0- InsertTest1- InsertTest2- RemoveTest0- RemoveTest1- RemoveTest2- RemoveTest3- RemoveTest4- RemoveTest5- RemoveTest6- RemoveTest7- SizeTest0- SizeTest1- SizeTest2- , ,
1,Sat Feb 09 16:33:42 EST 2019,0,0,Assignment2Suite, , ,ContainsTest0 ContainsTest1 EfficiencyTest1 EmptyTest0 EmptyTest1 FindMinMaxTest0 FindMinMaxTest1 FindMinMaxTest2 HeightTest InsertAfterRemoveTest0 InsertAfterRemoveTest1 InsertAfterRemoveTest2 InsertTest0 InsertTest1 InsertTest2 RemoveTest0 RemoveTest1 RemoveTest2 RemoveTest3 RemoveTest4 RemoveTest5 RemoveTest6 RemoveTest7 SizeTest0 SizeTest1 SizeTest2 , ,
2,Sat Feb 09 17:29:20 EST 2019,42,42,Assignment2Suite,ContainsTest0+ EfficiencyTest1+ EmptyTest0+ EmptyTest1+ InsertAfterRemoveTest0+ InsertAfterRemoveTest1+ InsertAfterRemoveTest2+ InsertTest0+ InsertTest1+ InsertTest2+ SizeTest0+ , ,ContainsTest1 FindMinMaxTest0 FindMinMaxTest1 FindMinMaxTest2 HeightTest RemoveTest0 RemoveTest1 RemoveTest2 RemoveTest3 RemoveTest4 RemoveTest5 RemoveTest6 RemoveTest7 SizeTest1 SizeTest2 , ,
3,Sat Feb 09 21:54:01 EST 2019,42,0,Assignment2Suite,ContainsTest0 EfficiencyTest1 EmptyTest0 EmptyTest1 InsertAfterRemoveTest0 InsertAfterRemoveTest1 InsertAfterRemoveTest2 InsertTest0 InsertTest1 InsertTest2 SizeTest0 , ,ContainsTest1 FindMinMaxTest0 FindMinMaxTest1 FindMinMaxTest2 HeightTest RemoveTest0 RemoveTest1 RemoveTest2 RemoveTest3 RemoveTest4 RemoveTest5 RemoveTest6 RemoveTest7 SizeTest1 SizeTest2 , ,
4,Sat Feb 09 22:11:15 EST 2019,50,8,Assignment2Suite,ContainsTest0 EfficiencyTest1 EmptyTest0 EmptyTest1 FindMinMaxTest0+ FindMinMaxTest1+ InsertAfterRemoveTest0 InsertAfterRemoveTest1 InsertAfterRemoveTest2 InsertTest0 InsertTest1 InsertTest2 SizeTest0 , ,ContainsTest1 FindMinMaxTest2 HeightTest RemoveTest0 RemoveTest1 RemoveTest2 RemoveTest3 RemoveTest4 RemoveTest5 RemoveTest6 RemoveTest7 SizeTest1 SizeTest2 , ,
5,Sat Feb 09 22:53:24 EST 2019,57,7,Assignment2Suite,ContainsTest0 EfficiencyTest1 EmptyTest0 FindMinMaxTest0 FindMinMaxTest1 InsertAfterRemoveTest0 InsertAfterRemoveTest1 InsertAfterRemoveTest2 InsertTest0 InsertTest1 InsertTest2 RemoveTest6+ SizeTest0 SizeTest1+ SizeTest2+ , ,ContainsTest1 EmptyTest1- FindMinMaxTest2 HeightTest RemoveTest0 RemoveTest1 RemoveTest2 RemoveTest3 RemoveTest4 RemoveTest5 RemoveTest7 , ,
6,Sat Feb 09 23:49:35 EST 2019,46,-11,Assignment2Suite,ContainsTest0 EfficiencyTest1 EmptyTest0 FindMinMaxTest0 FindMinMaxTest1 InsertAfterRemoveTest0 InsertTest0 InsertTest1 InsertTest2 RemoveTest6 SizeTest0 SizeTest1 , ,ContainsTest1 EmptyTest1 FindMinMaxTest2 HeightTest InsertAfterRemoveTest1- InsertAfterRemoveTest2- RemoveTest0 RemoveTest1 RemoveTest2 RemoveTest3 RemoveTest4 RemoveTest5 RemoveTest7 SizeTest2- , ,
7,Sat Feb 09 23:59:19 EST 2019,42,-4,Assignment2Suite,ContainsTest0 EfficiencyTest1 EmptyTest0 FindMinMaxTest0 FindMinMaxTest1 InsertTest0 InsertTest1 InsertTest2 RemoveTest6 SizeTest0 SizeTest1 , ,ContainsTest1 EmptyTest1 FindMinMaxTest2 HeightTest InsertAfterRemoveTest0- InsertAfterRemoveTest1 InsertAfterRemoveTest2 RemoveTest0 RemoveTest1 RemoveTest2 RemoveTest3 RemoveTest4 RemoveTest5 RemoveTest7 SizeTest2 , ,
8,Sun Feb 10 00:04:43 EST 2019,42,0,Assignment2Suite,ContainsTest0 EfficiencyTest1 EmptyTest0 FindMinMaxTest0 FindMinMaxTest1 InsertTest0 InsertTest1 InsertTest2 RemoveTest6 SizeTest0 SizeTest1 , ,ContainsTest1 EmptyTest1 FindMinMaxTest2 HeightTest InsertAfterRemoveTest0 InsertAfterRemoveTest1 InsertAfterRemoveTest2 RemoveTest0 RemoveTest1 RemoveTest2 RemoveTest3 RemoveTest4 RemoveTest5 RemoveTest7 SizeTest2 , ,
9,Sun Feb 10 10:27:34 EST 2019,42,0,Assignment2Suite,ContainsTest0 EfficiencyTest1 EmptyTest0 FindMinMaxTest0 FindMinMaxTest1 InsertTest0 InsertTest1 InsertTest2 RemoveTest6 SizeTest0 SizeTest1 , ,ContainsTest1 EmptyTest1 FindMinMaxTest2 HeightTest InsertAfterRemoveTest0 InsertAfterRemoveTest1 InsertAfterRemoveTest2 RemoveTest0 RemoveTest1 RemoveTest2 RemoveTest3 RemoveTest4 RemoveTest5 RemoveTest7 SizeTest2 , ,
10,Sun Feb 10 10:38:40 EST 2019,42,0,Assignment2Suite,ContainsTest0 EfficiencyTest1 EmptyTest0 FindMinMaxTest0 FindMinMaxTest1 InsertTest0 InsertTest1 InsertTest2 RemoveTest6 SizeTest0 SizeTest1 , ,ContainsTest1 EmptyTest1 FindMinMaxTest2 HeightTest InsertAfterRemoveTest0 InsertAfterRemoveTest1 InsertAfterRemoveTest2 RemoveTest0 RemoveTest1 RemoveTest2 RemoveTest3 RemoveTest4 RemoveTest5 RemoveTest7 SizeTest2 , ,
11,Sun Feb 10 10:48:30 EST 2019,42,0,Assignment2Suite,ContainsTest0 EfficiencyTest1 EmptyTest0 FindMinMaxTest0 FindMinMaxTest1 InsertTest0 InsertTest1 InsertTest2 RemoveTest6 SizeTest0 SizeTest1 , ,ContainsTest1 EmptyTest1 FindMinMaxTest2 HeightTest InsertAfterRemoveTest0 InsertAfterRemoveTest1 InsertAfterRemoveTest2 RemoveTest0 RemoveTest1 RemoveTest2 RemoveTest3 RemoveTest4 RemoveTest5 RemoveTest7 SizeTest2 , ,
12,Sun Feb 10 17:19:57 EST 2019,42,0,Assignment2Suite,ContainsTest0 EfficiencyTest1 EmptyTest0 FindMinMaxTest0 FindMinMaxTest1 InsertTest0 InsertTest1 InsertTest2 RemoveTest6 SizeTest0 SizeTest1 , ,ContainsTest1 EmptyTest1 FindMinMaxTest2 HeightTest InsertAfterRemoveTest0 InsertAfterRemoveTest1 InsertAfterRemoveTest2 RemoveTest0 RemoveTest1 RemoveTest2 RemoveTest3 RemoveTest4 RemoveTest5 RemoveTest7 SizeTest2 , ,
13,Mon Feb 11 16:00:13 EST 2019,46,4,Assignment2Suite,ContainsTest0 EfficiencyTest1 EmptyTest0 FindMinMaxTest0 FindMinMaxTest1 InsertAfterRemoveTest1+ InsertAfterRemoveTest2+ InsertTest0 InsertTest1 InsertTest2 SizeTest0 SizeTest1 , ,ContainsTest1 EmptyTest1 FindMinMaxTest2 HeightTest InsertAfterRemoveTest0 RemoveTest0 RemoveTest1 RemoveTest2 RemoveTest3 RemoveTest4 RemoveTest5 RemoveTest6- RemoveTest7 SizeTest2 , ,
14,Mon Feb 11 16:30:37 EST 2019,69,23,Assignment2Suite,ContainsTest0 EfficiencyTest1 EmptyTest0 FindMinMaxTest0 FindMinMaxTest1 FindMinMaxTest2+ InsertAfterRemoveTest1 InsertAfterRemoveTest2 InsertTest0 InsertTest1 InsertTest2 RemoveTest0+ RemoveTest1+ RemoveTest3+ RemoveTest6+ SizeTest0 SizeTest1 SizeTest2+ , ,ContainsTest1 EmptyTest1 HeightTest InsertAfterRemoveTest0 RemoveTest2 RemoveTest4 RemoveTest5 RemoveTest7 , ,
15,Mon Feb 11 16:57:04 EST 2019,76,7,Assignment2Suite,ContainsTest0 ContainsTest1+ EfficiencyTest1 EmptyTest0 EmptyTest1+ FindMinMaxTest0 FindMinMaxTest1 FindMinMaxTest2 InsertAfterRemoveTest1 InsertAfterRemoveTest2 InsertTest0 InsertTest1 InsertTest2 RemoveTest0 RemoveTest1 RemoveTest2+ RemoveTest3 SizeTest0 SizeTest1 SizeTest2 , ,HeightTest InsertAfterRemoveTest0 RemoveTest4 RemoveTest5 RemoveTest6- RemoveTest7 , ,
16,Mon Feb 11 19:09:47 EST 2019,80,4,Assignment2Suite,ContainsTest0 ContainsTest1 EfficiencyTest1 EmptyTest0 EmptyTest1 FindMinMaxTest0 FindMinMaxTest1 FindMinMaxTest2 HeightTest+ InsertAfterRemoveTest1 InsertAfterRemoveTest2 InsertTest0 InsertTest1 InsertTest2 RemoveTest0 RemoveTest1 RemoveTest2 RemoveTest3 SizeTest0 SizeTest1 SizeTest2 , ,InsertAfterRemoveTest0 RemoveTest4 RemoveTest5 RemoveTest6 RemoveTest7 , ,
17,Mon Feb 11 19:17:06 EST 2019,84,4,Assignment2Suite,ContainsTest0 ContainsTest1 EfficiencyTest1 EmptyTest0 EmptyTest1 FindMinMaxTest0 FindMinMaxTest1 FindMinMaxTest2 HeightTest InsertAfterRemoveTest0+ InsertAfterRemoveTest1 InsertAfterRemoveTest2 InsertTest0 InsertTest1 InsertTest2 RemoveTest0 RemoveTest1 RemoveTest2 RemoveTest3 SizeTest0 SizeTest1 SizeTest2 , ,RemoveTest4 RemoveTest5 RemoveTest6 RemoveTest7 , ,
18,Mon Feb 11 19:27:15 EST 2019,88,4,Assignment2Suite,ContainsTest0 ContainsTest1 EfficiencyTest1 EmptyTest0 EmptyTest1 FindMinMaxTest0 FindMinMaxTest1 FindMinMaxTest2 HeightTest InsertAfterRemoveTest0 InsertAfterRemoveTest1 InsertAfterRemoveTest2 InsertTest0 InsertTest1 InsertTest2 RemoveTest0 RemoveTest1 RemoveTest2 RemoveTest3 RemoveTest4+ SizeTest0 SizeTest1 SizeTest2 , ,RemoveTest5 RemoveTest6 RemoveTest7 , ,
19,Mon Feb 11 20:19:12 EST 2019,88,0,Assignment2Suite,ContainsTest0 ContainsTest1 EfficiencyTest1 EmptyTest0 EmptyTest1 FindMinMaxTest0 FindMinMaxTest1 HeightTest InsertAfterRemoveTest0 InsertAfterRemoveTest1 InsertAfterRemoveTest2 InsertTest0 InsertTest1 InsertTest2 RemoveTest0 RemoveTest1 RemoveTest2 RemoveTest3 RemoveTest5+ RemoveTest7+ SizeTest0 SizeTest1 SizeTest2 , ,FindMinMaxTest2- RemoveTest4- RemoveTest6 , ,
20,Mon Feb 11 20:39:20 EST 2019,80,-8,Assignment2Suite,ContainsTest0 EfficiencyTest1 EmptyTest0 EmptyTest1 FindMinMaxTest0 FindMinMaxTest1 HeightTest InsertAfterRemoveTest0 InsertAfterRemoveTest1 InsertAfterRemoveTest2 InsertTest0 InsertTest1 InsertTest2 RemoveTest0 RemoveTest1 RemoveTest3 RemoveTest5 RemoveTest6+ SizeTest0 SizeTest1 SizeTest2 , ,ContainsTest1- FindMinMaxTest2 RemoveTest2- RemoveTest4 RemoveTest7- , ,
21,Mon Feb 11 20:48:19 EST 2019,88,8,Assignment2Suite,ContainsTest0 ContainsTest1+ EfficiencyTest1 EmptyTest0 EmptyTest1 FindMinMaxTest0 FindMinMaxTest1 HeightTest InsertAfterRemoveTest0 InsertAfterRemoveTest1 InsertAfterRemoveTest2 InsertTest0 InsertTest1 InsertTest2 RemoveTest0 RemoveTest1 RemoveTest2+ RemoveTest3 RemoveTest5 RemoveTest6 SizeTest0 SizeTest1 SizeTest2 , ,FindMinMaxTest2 RemoveTest4 RemoveTest7 , ,
22,Mon Feb 11 20:52:41 EST 2019,92,4,Assignment2Suite,ContainsTest0 ContainsTest1 EfficiencyTest1 EmptyTest0 EmptyTest1 FindMinMaxTest0 FindMinMaxTest1 FindMinMaxTest2+ HeightTest InsertAfterRemoveTest0 InsertAfterRemoveTest1 InsertAfterRemoveTest2 InsertTest0 InsertTest1 InsertTest2 RemoveTest0 RemoveTest1 RemoveTest2 RemoveTest3 RemoveTest4+ RemoveTest6 SizeTest0 SizeTest1 SizeTest2 , ,RemoveTest5- RemoveTest7 , ,
23,Mon Feb 11 21:11:36 EST 2019,84,-8,Assignment2Suite,ContainsTest0 ContainsTest1 EfficiencyTest1 EmptyTest0 FindMinMaxTest0 FindMinMaxTest1 FindMinMaxTest2 HeightTest InsertAfterRemoveTest0 InsertAfterRemoveTest1 InsertAfterRemoveTest2 InsertTest0 InsertTest1 InsertTest2 RemoveTest0 RemoveTest1 RemoveTest2 RemoveTest3 RemoveTest4 RemoveTest6 SizeTest0 SizeTest1 , ,EmptyTest1- RemoveTest5 RemoveTest7 SizeTest2- , ,
24,Mon Feb 11 21:12:30 EST 2019,100,16,Assignment2Suite,ContainsTest0 ContainsTest1 EfficiencyTest1 EmptyTest0 EmptyTest1+ FindMinMaxTest0 FindMinMaxTest1 FindMinMaxTest2 HeightTest InsertAfterRemoveTest0 InsertAfterRemoveTest1 InsertAfterRemoveTest2 InsertTest0 InsertTest1 InsertTest2 RemoveTest0 RemoveTest1 RemoveTest2 RemoveTest3 RemoveTest4 RemoveTest5+ RemoveTest6 RemoveTest7+ SizeTest0 SizeTest1 SizeTest2+ , , , ,
25,Mon Feb 11 23:44:11 EST 2019,100,0,Assignment2Suite,ContainsTest0 ContainsTest1 EfficiencyTest1 EmptyTest0 EmptyTest1 FindMinMaxTest0 FindMinMaxTest1 FindMinMaxTest2 HeightTest InsertAfterRemoveTest0 InsertAfterRemoveTest1 InsertAfterRemoveTest2 InsertTest0 InsertTest1 InsertTest2 RemoveTest0 RemoveTest1 RemoveTest2 RemoveTest3 RemoveTest4 RemoveTest5 RemoveTest6 RemoveTest7 SizeTest0 SizeTest1 SizeTest2 , , , ,
26,Fri Mar 22 14:49:02 EDT 2019,100,0,Assignment2Suite,ContainsTest0 ContainsTest1 EfficiencyTest1 EmptyTest0 EmptyTest1 FindMinMaxTest0 FindMinMaxTest1 FindMinMaxTest2 HeightTest InsertAfterRemoveTest0 InsertAfterRemoveTest1 InsertAfterRemoveTest2 InsertTest0 InsertTest1 InsertTest2 RemoveTest0 RemoveTest1 RemoveTest2 RemoveTest3 RemoveTest4 RemoveTest5 RemoveTest6 RemoveTest7 SizeTest0 SizeTest1 SizeTest2 , , , ,
