#,Time,%Passes,Change,Test,Pass,Partial,Fail,Untested
0,Thu Feb 21 19:24:31 EST 2019,36,36,Assignment3Suite,BuildTest2+ BuildTest3+ GetMinTest1+ InsertTest2+ SizeTest1+ SizeTest2+ SizeTest4+ , ,BuildTest1- DelMinTest1- DelMinTest2- DelMinTest3- DelMinTest4- EfficiencyTest1- EverythingTest- GetMinTest2- GetMinTest3- InsertTest1- InsertTest3- SizeTest3- , ,
1,Thu Feb 21 20:23:03 EST 2019,52,16,Assignment3Suite,BuildTest2 BuildTest3 GetMinTest1 GetMinTest2+ InsertTest1+ InsertTest2 InsertTest3+ SizeTest1 SizeTest2 SizeTest4 , ,BuildTest1 DelMinTest1 DelMinTest2 DelMinTest3 DelMinTest4 EfficiencyTest1 EverythingTest GetMinTest3 SizeTest3 , ,
2,Thu Feb 21 21:55:20 EST 2019,73,21,Assignment3Suite,BuildTest2 BuildTest3 DelMinTest2+ DelMinTest3+ DelMinTest4+ GetMinTest1 GetMinTest2 InsertTest1 InsertTest2 InsertTest3 SizeTest1 SizeTest2 SizeTest3+ SizeTest4 , ,BuildTest1 DelMinTest1 EfficiencyTest1 EverythingTest GetMinTest3 , ,
3,Thu Feb 21 22:14:37 EST 2019,84,11,Assignment3Suite,BuildTest2 BuildTest3 DelMinTest1+ DelMinTest2 DelMinTest3 DelMinTest4 GetMinTest1 GetMinTest2 GetMinTest3+ InsertTest1 InsertTest2 InsertTest3 SizeTest1 SizeTest2 SizeTest3 SizeTest4 , ,BuildTest1 EfficiencyTest1 EverythingTest , ,
4,Thu Feb 21 22:14:55 EST 2019,84,0,Assignment3Suite,BuildTest2 BuildTest3 DelMinTest1 DelMinTest2 DelMinTest3 DelMinTest4 GetMinTest1 GetMinTest2 GetMinTest3 InsertTest1 InsertTest2 InsertTest3 SizeTest1 SizeTest2 SizeTest3 SizeTest4 , ,BuildTest1 EfficiencyTest1 EverythingTest , ,
5,Thu Feb 21 22:39:53 EST 2019,84,0,Assignment3Suite,BuildTest2 BuildTest3 DelMinTest1 DelMinTest2 DelMinTest3 DelMinTest4 GetMinTest1 GetMinTest2 GetMinTest3 InsertTest1 InsertTest2 InsertTest3 SizeTest1 SizeTest2 SizeTest3 SizeTest4 , ,BuildTest1 EfficiencyTest1 EverythingTest , ,
6,Thu Feb 21 23:06:11 EST 2019,89,5,Assignment3Suite,BuildTest2 BuildTest3 DelMinTest1 DelMinTest2 DelMinTest3 DelMinTest4 EverythingTest+ GetMinTest1 GetMinTest2 GetMinTest3 InsertTest1 InsertTest2 InsertTest3 SizeTest1 SizeTest2 SizeTest3 SizeTest4 , ,BuildTest1 EfficiencyTest1 , ,
7,Thu Feb 21 23:37:08 EST 2019,63,-26,Assignment3Suite,DelMinTest1 DelMinTest2 DelMinTest3 DelMinTest4 GetMinTest2 InsertTest1 InsertTest2 InsertTest3 SizeTest1 SizeTest2 SizeTest3 SizeTest4 , ,BuildTest1 BuildTest2- BuildTest3- EfficiencyTest1 EverythingTest- GetMinTest1- GetMinTest3- , ,
8,Thu Feb 21 23:39:49 EST 2019,94,31,Assignment3Suite,BuildTest1+ BuildTest2+ BuildTest3+ DelMinTest1 DelMinTest2 DelMinTest3 DelMinTest4 EverythingTest+ GetMinTest1+ GetMinTest2 GetMinTest3+ InsertTest1 InsertTest2 InsertTest3 SizeTest1 SizeTest2 SizeTest3 SizeTest4 , ,EfficiencyTest1 , ,
9,Fri Feb 22 12:58:08 EST 2019,94,0,Assignment3Suite,BuildTest1 BuildTest2 BuildTest3 DelMinTest1 DelMinTest2 DelMinTest3 DelMinTest4 EverythingTest GetMinTest1 GetMinTest2 GetMinTest3 InsertTest1 InsertTest2 InsertTest3 SizeTest1 SizeTest2 SizeTest3 SizeTest4 , ,EfficiencyTest1 , ,
10,Sat Feb 23 14:45:23 EST 2019,94,0,Assignment3Suite,BuildTest1 BuildTest2 BuildTest3 DelMinTest1 DelMinTest2 DelMinTest3 DelMinTest4 EverythingTest GetMinTest1 GetMinTest2 GetMinTest3 InsertTest1 InsertTest2 InsertTest3 SizeTest1 SizeTest2 SizeTest3 SizeTest4 , ,EfficiencyTest1 , ,
11,Sat Feb 23 15:50:11 EST 2019,63,-31,Assignment3Suite,DelMinTest1 DelMinTest2 DelMinTest3 DelMinTest4 GetMinTest2 InsertTest1 InsertTest2 InsertTest3 SizeTest1 SizeTest2 SizeTest3 SizeTest4 , ,BuildTest1- BuildTest2- BuildTest3- EfficiencyTest1 EverythingTest- GetMinTest1- GetMinTest3- , ,
12,Sat Feb 23 15:51:20 EST 2019,63,0,Assignment3Suite,DelMinTest1 DelMinTest2 DelMinTest3 DelMinTest4 GetMinTest2 InsertTest1 InsertTest2 InsertTest3 SizeTest1 SizeTest2 SizeTest3 SizeTest4 , ,BuildTest1 BuildTest2 BuildTest3 EfficiencyTest1 EverythingTest GetMinTest1 GetMinTest3 , ,
13,Sat Feb 23 15:53:36 EST 2019,89,26,Assignment3Suite,BuildTest2+ BuildTest3+ DelMinTest1 DelMinTest2 DelMinTest3 DelMinTest4 EverythingTest+ GetMinTest1+ GetMinTest2 GetMinTest3+ InsertTest1 InsertTest2 InsertTest3 SizeTest1 SizeTest2 SizeTest3 SizeTest4 , ,BuildTest1 EfficiencyTest1 , ,
14,Sat Feb 23 15:56:26 EST 2019,89,0,Assignment3Suite,BuildTest2 BuildTest3 DelMinTest1 DelMinTest2 DelMinTest3 DelMinTest4 EverythingTest GetMinTest1 GetMinTest2 GetMinTest3 InsertTest1 InsertTest2 InsertTest3 SizeTest1 SizeTest2 SizeTest3 SizeTest4 , ,BuildTest1 EfficiencyTest1 , ,
15,Sat Feb 23 16:03:10 EST 2019,89,0,Assignment3Suite,BuildTest2 BuildTest3 DelMinTest1 DelMinTest2 DelMinTest3 DelMinTest4 EverythingTest GetMinTest1 GetMinTest2 GetMinTest3 InsertTest1 InsertTest2 InsertTest3 SizeTest1 SizeTest2 SizeTest3 SizeTest4 , ,BuildTest1 EfficiencyTest1 , ,
16,Sat Feb 23 16:09:06 EST 2019,89,0,Assignment3Suite,BuildTest2 BuildTest3 DelMinTest1 DelMinTest2 DelMinTest3 DelMinTest4 EverythingTest GetMinTest1 GetMinTest2 GetMinTest3 InsertTest1 InsertTest2 InsertTest3 SizeTest1 SizeTest2 SizeTest3 SizeTest4 , ,BuildTest1 EfficiencyTest1 , ,
17,Sat Feb 23 16:16:39 EST 2019,89,0,Assignment3Suite,BuildTest2 BuildTest3 DelMinTest1 DelMinTest2 DelMinTest3 DelMinTest4 EverythingTest GetMinTest1 GetMinTest2 GetMinTest3 InsertTest1 InsertTest2 InsertTest3 SizeTest1 SizeTest2 SizeTest3 SizeTest4 , ,BuildTest1 EfficiencyTest1 , ,
18,Sat Feb 23 16:18:35 EST 2019,89,0,Assignment3Suite,BuildTest2 BuildTest3 DelMinTest1 DelMinTest2 DelMinTest3 DelMinTest4 EverythingTest GetMinTest1 GetMinTest2 GetMinTest3 InsertTest1 InsertTest2 InsertTest3 SizeTest1 SizeTest2 SizeTest3 SizeTest4 , ,BuildTest1 EfficiencyTest1 , ,
19,Sat Feb 23 16:23:59 EST 2019,63,-26,Assignment3Suite,DelMinTest1 DelMinTest2 DelMinTest3 DelMinTest4 GetMinTest2 InsertTest1 InsertTest2 InsertTest3 SizeTest1 SizeTest2 SizeTest3 SizeTest4 , ,BuildTest1 BuildTest2- BuildTest3- EfficiencyTest1 EverythingTest- GetMinTest1- GetMinTest3- , ,
20,Sat Feb 23 16:26:24 EST 2019,89,26,Assignment3Suite,BuildTest2+ BuildTest3+ DelMinTest1 DelMinTest2 DelMinTest3 DelMinTest4 EverythingTest+ GetMinTest1+ GetMinTest2 GetMinTest3+ InsertTest1 InsertTest2 InsertTest3 SizeTest1 SizeTest2 SizeTest3 SizeTest4 , ,BuildTest1 EfficiencyTest1 , ,
21,Sat Feb 23 16:26:44 EST 2019,89,0,Assignment3Suite,BuildTest2 BuildTest3 DelMinTest1 DelMinTest2 DelMinTest3 DelMinTest4 EverythingTest GetMinTest1 GetMinTest2 GetMinTest3 InsertTest1 InsertTest2 InsertTest3 SizeTest1 SizeTest2 SizeTest3 SizeTest4 , ,BuildTest1 EfficiencyTest1 , ,
22,Sat Feb 23 16:35:46 EST 2019,94,5,Assignment3Suite,BuildTest1+ BuildTest2 BuildTest3 DelMinTest1 DelMinTest2 DelMinTest3 DelMinTest4 EverythingTest GetMinTest1 GetMinTest2 GetMinTest3 InsertTest1 InsertTest2 InsertTest3 SizeTest1 SizeTest2 SizeTest3 SizeTest4 , ,EfficiencyTest1 , ,
23,Sat Feb 23 16:47:55 EST 2019,63,-31,Assignment3Suite,DelMinTest1 DelMinTest2 DelMinTest3 DelMinTest4 GetMinTest2 InsertTest1 InsertTest2 InsertTest3 SizeTest1 SizeTest2 SizeTest3 SizeTest4 , ,BuildTest1- BuildTest2- BuildTest3- EfficiencyTest1 EverythingTest- GetMinTest1- GetMinTest3- , ,
24,Sat Feb 23 16:52:20 EST 2019,63,0,Assignment3Suite,DelMinTest1 DelMinTest2 DelMinTest3 DelMinTest4 GetMinTest2 InsertTest1 InsertTest2 InsertTest3 SizeTest1 SizeTest2 SizeTest3 SizeTest4 , ,BuildTest1 BuildTest2 BuildTest3 EfficiencyTest1 EverythingTest GetMinTest1 GetMinTest3 , ,
24,Sat Feb 23 16:52:31 EST 2019,63,0,Assignment3Suite,DelMinTest1 DelMinTest2 DelMinTest3 DelMinTest4 GetMinTest2 InsertTest1 InsertTest2 InsertTest3 SizeTest1 SizeTest2 SizeTest3 SizeTest4 , ,BuildTest1 BuildTest2 BuildTest3 EfficiencyTest1 EverythingTest GetMinTest1 GetMinTest3 , ,
25,Sat Feb 23 16:59:28 EST 2019,89,26,Assignment3Suite,BuildTest2+ BuildTest3+ DelMinTest1 DelMinTest2 DelMinTest3 DelMinTest4 EverythingTest+ GetMinTest1+ GetMinTest2 GetMinTest3+ InsertTest1 InsertTest2 InsertTest3 SizeTest1 SizeTest2 SizeTest3 SizeTest4 , ,BuildTest1 EfficiencyTest1 , ,
26,Sat Feb 23 17:33:15 EST 2019,73,-16,Assignment3Suite,BuildTest3 DelMinTest1 DelMinTest2 DelMinTest3 DelMinTest4 GetMinTest2 GetMinTest3 InsertTest1 InsertTest2 InsertTest3 SizeTest1 SizeTest2 SizeTest3 SizeTest4 , ,BuildTest1 BuildTest2- EfficiencyTest1 EverythingTest- GetMinTest1- , ,
27,Sat Feb 23 17:34:38 EST 2019,94,21,Assignment3Suite,BuildTest1+ BuildTest2+ BuildTest3 DelMinTest1 DelMinTest2 DelMinTest3 DelMinTest4 EverythingTest+ GetMinTest1+ GetMinTest2 GetMinTest3 InsertTest1 InsertTest2 InsertTest3 SizeTest1 SizeTest2 SizeTest3 SizeTest4 , ,EfficiencyTest1 , ,
28,Sat Feb 23 17:38:47 EST 2019,94,0,Assignment3Suite,BuildTest1 BuildTest2 BuildTest3 DelMinTest1 DelMinTest2 DelMinTest3 DelMinTest4 EverythingTest GetMinTest1 GetMinTest2 GetMinTest3 InsertTest1 InsertTest2 InsertTest3 SizeTest1 SizeTest2 SizeTest3 SizeTest4 , ,EfficiencyTest1 , ,
29,Sat Feb 23 19:33:00 EST 2019,94,0,Assignment3Suite,BuildTest1 BuildTest2 BuildTest3 DelMinTest1 DelMinTest2 DelMinTest3 DelMinTest4 EverythingTest GetMinTest1 GetMinTest2 GetMinTest3 InsertTest1 InsertTest2 InsertTest3 SizeTest1 SizeTest2 SizeTest3 SizeTest4 , ,EfficiencyTest1 , ,
30,Sat Feb 23 19:55:48 EST 2019,63,-31,Assignment3Suite,DelMinTest1 DelMinTest2 DelMinTest3 DelMinTest4 GetMinTest2 InsertTest1 InsertTest2 InsertTest3 SizeTest1 SizeTest2 SizeTest3 SizeTest4 , ,BuildTest1- BuildTest2- BuildTest3- EfficiencyTest1 EverythingTest- GetMinTest1- GetMinTest3- , ,
31,Sat Feb 23 19:56:08 EST 2019,94,31,Assignment3Suite,BuildTest1+ BuildTest2+ BuildTest3+ DelMinTest1 DelMinTest2 DelMinTest3 DelMinTest4 EverythingTest+ GetMinTest1+ GetMinTest2 GetMinTest3+ InsertTest1 InsertTest2 InsertTest3 SizeTest1 SizeTest2 SizeTest3 SizeTest4 , ,EfficiencyTest1 , ,
32,Sun Feb 24 17:13:19 EST 2019,84,-10,Assignment3Suite,BuildTest2 BuildTest3 DelMinTest1 DelMinTest2 DelMinTest3 DelMinTest4 EverythingTest GetMinTest2 GetMinTest3 InsertTest1 InsertTest2 InsertTest3 SizeTest1 SizeTest2 SizeTest3 SizeTest4 , ,BuildTest1- EfficiencyTest1 GetMinTest1- , ,
33,Sun Feb 24 17:13:51 EST 2019,84,0,Assignment3Suite,BuildTest2 BuildTest3 DelMinTest1 DelMinTest2 DelMinTest3 DelMinTest4 EverythingTest GetMinTest2 GetMinTest3 InsertTest1 InsertTest2 InsertTest3 SizeTest1 SizeTest2 SizeTest3 SizeTest4 , ,BuildTest1 EfficiencyTest1 GetMinTest1 , ,
34,Sun Feb 24 17:14:56 EST 2019,84,0,Assignment3Suite,BuildTest2 BuildTest3 DelMinTest1 DelMinTest2 DelMinTest3 DelMinTest4 EverythingTest GetMinTest2 GetMinTest3 InsertTest1 InsertTest2 InsertTest3 SizeTest1 SizeTest2 SizeTest3 SizeTest4 , ,BuildTest1 EfficiencyTest1 GetMinTest1 , ,
35,Sun Feb 24 17:17:06 EST 2019,84,0,Assignment3Suite,BuildTest2 BuildTest3 DelMinTest1 DelMinTest2 DelMinTest3 DelMinTest4 EverythingTest GetMinTest2 GetMinTest3 InsertTest1 InsertTest2 InsertTest3 SizeTest1 SizeTest2 SizeTest3 SizeTest4 , ,BuildTest1 EfficiencyTest1 GetMinTest1 , ,
36,Sun Feb 24 17:23:00 EST 2019,94,10,Assignment3Suite,BuildTest1+ BuildTest2 BuildTest3 DelMinTest1 DelMinTest2 DelMinTest3 DelMinTest4 EverythingTest GetMinTest1+ GetMinTest2 GetMinTest3 InsertTest1 InsertTest2 InsertTest3 SizeTest1 SizeTest2 SizeTest3 SizeTest4 , ,EfficiencyTest1 , ,
37,Mon Feb 25 15:00:14 EST 2019,94,0,Assignment3Suite,BuildTest1 BuildTest2 BuildTest3 DelMinTest1 DelMinTest2 DelMinTest3 DelMinTest4 EverythingTest GetMinTest1 GetMinTest2 GetMinTest3 InsertTest1 InsertTest2 InsertTest3 SizeTest1 SizeTest2 SizeTest3 SizeTest4 , ,EfficiencyTest1 , ,
38,Mon Feb 25 15:02:45 EST 2019,94,0,Assignment3Suite,BuildTest1 BuildTest2 BuildTest3 DelMinTest1 DelMinTest2 DelMinTest3 DelMinTest4 EverythingTest GetMinTest1 GetMinTest2 GetMinTest3 InsertTest1 InsertTest2 InsertTest3 SizeTest1 SizeTest2 SizeTest3 SizeTest4 , ,EfficiencyTest1 , ,
39,Mon Feb 25 15:24:14 EST 2019,63,-31,Assignment3Suite,DelMinTest1 DelMinTest2 DelMinTest3 DelMinTest4 GetMinTest2 InsertTest1 InsertTest2 InsertTest3 SizeTest1 SizeTest2 SizeTest3 SizeTest4 , ,BuildTest1- BuildTest2- BuildTest3- EfficiencyTest1 EverythingTest- GetMinTest1- GetMinTest3- , ,
40,Mon Feb 25 15:25:45 EST 2019,73,10,Assignment3Suite,BuildTest1+ DelMinTest1 DelMinTest2 DelMinTest3 DelMinTest4 GetMinTest1+ GetMinTest2 InsertTest1 InsertTest2 InsertTest3 SizeTest1 SizeTest2 SizeTest3 SizeTest4 , ,BuildTest2 BuildTest3 EfficiencyTest1 EverythingTest GetMinTest3 , ,
41,Mon Feb 25 15:36:59 EST 2019,73,0,Assignment3Suite,BuildTest1 DelMinTest1 DelMinTest2 DelMinTest3 DelMinTest4 GetMinTest1 GetMinTest2 InsertTest1 InsertTest2 InsertTest3 SizeTest1 SizeTest2 SizeTest3 SizeTest4 , ,BuildTest2 BuildTest3 EfficiencyTest1 EverythingTest GetMinTest3 , ,
42,Mon Feb 25 15:44:39 EST 2019,78,5,Assignment3Suite,BuildTest1 BuildTest2+ DelMinTest1 DelMinTest2 DelMinTest3 DelMinTest4 GetMinTest1 GetMinTest2 InsertTest1 InsertTest2 InsertTest3 SizeTest1 SizeTest2 SizeTest3 SizeTest4 , ,BuildTest3 EfficiencyTest1 EverythingTest GetMinTest3 , ,
43,Mon Feb 25 15:46:06 EST 2019,94,16,Assignment3Suite,BuildTest1 BuildTest2 BuildTest3+ DelMinTest1 DelMinTest2 DelMinTest3 DelMinTest4 EverythingTest+ GetMinTest1 GetMinTest2 GetMinTest3+ InsertTest1 InsertTest2 InsertTest3 SizeTest1 SizeTest2 SizeTest3 SizeTest4 , ,EfficiencyTest1 , ,
44,Mon Feb 25 15:51:08 EST 2019,94,0,Assignment3Suite,BuildTest1 BuildTest2 BuildTest3 DelMinTest1 DelMinTest2 DelMinTest3 DelMinTest4 EverythingTest GetMinTest1 GetMinTest2 GetMinTest3 InsertTest1 InsertTest2 InsertTest3 SizeTest1 SizeTest2 SizeTest3 SizeTest4 , ,EfficiencyTest1 , ,
45,Mon Feb 25 16:01:40 EST 2019,94,0,Assignment3Suite,BuildTest1 BuildTest2 BuildTest3 DelMinTest1 DelMinTest2 DelMinTest3 DelMinTest4 EverythingTest GetMinTest1 GetMinTest2 GetMinTest3 InsertTest1 InsertTest2 InsertTest3 SizeTest1 SizeTest2 SizeTest3 SizeTest4 , ,EfficiencyTest1 , ,
46,Mon Feb 25 22:39:43 EST 2019,94,0,Assignment3Suite,BuildTest1 BuildTest2 BuildTest3 DelMinTest1 DelMinTest2 DelMinTest3 DelMinTest4 EverythingTest GetMinTest1 GetMinTest2 GetMinTest3 InsertTest1 InsertTest2 InsertTest3 SizeTest1 SizeTest2 SizeTest3 SizeTest4 , ,EfficiencyTest1 , ,
